0
0
500
0 2.771639
1 -2.771639
2 2.771639
3 -2.771639
4 2.771639
5 -2.771639
6 2.771639
7 -2.771639
8 2.771639
9 -2.771639
10 2.771639
11 -2.771639
12 2.771639
13 -2.771639
14 2.771639
15 -2.771639
16 2.771639
17 -2.771639
18 2.771639
19 -2.771639
20 2.771639
21 -2.771639
22 2.771639
23 -2.771639
24 2.771639
25 -2.771639
26 2.771639
27 -2.771639
28 2.771639
29 -2.771639
30 2.771639
31 -2.771639
32 2.771639
33 -2.771639
34 2.771639
35 -2.771639
36 2.771639
37 -2.771639
38 2.771639
39 -2.771639
40 2.771639
41 -2.771639
42 2.771639
43 -2.771639
44 2.771639
45 -2.771639
46 2.771639
47 -2.771639
48 2.771639
49 -2.771639
50 2.771639
51 -2.771639
52 2.771639
53 -2.771639
54 2.771639
55 -2.771639
56 2.771639
57 -2.771639
58 2.771639
59 -2.771639
60 2.771639
61 -2.771639
62 2.771639
63 -2.771639
64 2.771639
65 -2.771639
66 2.771639
67 -2.771639
68 2.771639
69 -2.771639
70 2.771639
71 -2.771639
72 2.771639
73 -2.771639
74 2.771639
75 -2.771639
76 2.771639
77 -2.771639
78 2.771639
79 -2.771639
80 2.771639
81 -2.771639
82 2.771639
83 -2.771639
84 2.771639
85 -2.771639
86 2.771639
87 -2.771639
88 2.771639
89 -2.771639
90 2.771639
91 -2.771639
92 2.771639
93 -2.771639
94 2.771639
95 -2.771639
96 2.771639
97 -2.771639
98 2.771639
99 -2.771639
100 2.771639
101 -2.771639
102 2.771639
103 -2.771639
104 2.771639
105 -2.771639
106 2.771639
107 -2.771639
108 2.771639
109 -2.771639
110 2.771639
111 -2.771639
112 2.771639
113 -2.771639
114 2.771639
115 -2.771639
116 2.771639
117 -2.771639
118 2.771639
119 -2.771639
120 2.771639
121 -2.771639
122 2.771639
123 -2.771639
124 2.771639
125 -2.771639
126 2.771639
127 -2.771639
128 2.771639
129 -2.771639
130 2.771639
131 -2.771639
132 2.771639
133 -2.771639
134 2.771639
135 -2.771639
136 2.771639
137 -2.771639
138 2.771639
139 -2.771639
140 2.771639
141 -2.771639
142 2.771639
143 -2.771639
144 2.771639
145 -2.771639
146 2.771639
147 -2.771639
148 2.771639
149 -2.771639
150 2.771639
151 -2.771639
152 2.771639
153 -2.771639
154 2.771639
155 -2.771639
156 2.771639
157 -2.771639
158 2.771639
159 -2.771639
160 2.771639
161 -2.771639
162 2.771639
163 -2.771639
164 2.771639
165 -2.771639
166 2.771639
167 -2.771639
168 2.771639
169 -2.771639
170 2.771639
171 -2.771639
172 2.771639
173 -2.771639
174 2.771639
175 -2.771639
176 2.771639
177 -2.771639
178 2.771639
179 -2.771639
180 2.771639
181 -2.771639
182 2.771639
183 -2.771639
184 2.771639
185 -2.771639
186 2.771639
187 -2.771639
188 2.771639
189 -2.771639
190 2.771639
191 -2.771639
192 2.771639
193 -2.771639
194 2.771639
195 -2.771639
196 2.771639
197 -2.771639
198 2.771639
199 -2.771639
200 2.771639
201 -2.771639
202 2.771639
203 -2.771639
204 2.771639
205 -2.771639
206 2.771639
207 -2.771639
208 2.771639
209 -2.771639
210 2.771639
211 -2.771639
212 2.771639
213 -2.771639
214 2.771639
215 -2.771639
216 2.771639
217 -2.771639
218 2.771639
219 -2.771639
220 2.771639
221 -2.771639
222 2.771639
223 -2.771639
224 2.771639
225 -2.771639
226 2.771639
227 -2.771639
228 2.771639
229 -2.771639
230 2.771639
231 -2.771639
232 2.771639
233 -2.771639
234 2.771639
235 -2.771639
236 2.771639
237 -2.771639
238 2.771639
239 -2.771639
240 2.771639
241 -2.771639
242 2.771639
243 -2.771639
244 2.771639
245 -2.771639
246 2.771639
247 -2.771639
248 2.771639
249 -2.771639
250 2.771639
251 -2.771639
252 2.771639
253 -2.771639
254 2.771639
255 -2.771639
256 2.771639
257 -2.771639
258 2.771639
259 -2.771639
260 2.771639
261 -2.771639
262 2.771639
263 -2.771639
264 2.771639
265 -2.771639
266 2.771639
267 -2.771639
268 2.771639
269 -2.771639
270 2.771639
271 -2.771639
272 2.771639
273 -2.771639
274 2.771639
275 -2.771639
276 2.771639
277 -2.771639
278 2.771639
279 -2.771639
280 2.771639
281 -2.771639
282 2.771639
283 -2.771639
284 2.771639
285 -2.771639
286 2.771639
287 -2.771639
288 2.771639
289 -2.771639
290 2.771639
291 -2.771639
292 2.771639
293 -2.771639
294 2.771639
295 -2.771639
296 2.771639
297 -2.771639
298 2.771639
299 -2.771639
300 2.771639
301 -2.771639
302 2.771639
303 -2.771639
304 2.771639
305 -2.771639
306 2.771639
307 -2.771639
308 2.771639
309 -2.771639
310 2.771639
311 -2.771639
312 2.771639
313 -2.771639
314 2.771639
315 -2.771639
316 2.771639
317 -2.771639
318 2.771639
319 -2.771639
320 2.771639
321 -2.771639
322 2.771639
323 -2.771639
324 2.771639
325 -2.771639
326 2.771639
327 -2.771639
328 2.771639
329 -2.771639
330 2.771639
331 -2.771639
332 2.771639
333 -2.771639
334 2.771639
335 -2.771639
336 2.771639
337 -2.771639
338 2.771639
339 -2.771639
340 2.771639
341 -2.771639
342 2.771639
343 -2.771639
344 2.771639
345 -2.771639
346 2.771639
347 -2.771639
348 2.771639
349 -2.771639
350 2.771639
351 -2.771639
352 2.771639
353 -2.771639
354 2.771639
355 -2.771639
356 2.771639
357 -2.771639
358 2.771639
359 -2.771639
360 2.771639
361 -2.771639
362 2.771639
363 -2.771639
364 2.771639
365 -2.771639
366 2.771639
367 -2.771639
368 2.771639
369 -2.771639
370 2.771639
371 -2.771639
372 2.771639
373 -2.771639
374 2.771639
375 -2.771639
376 2.771639
377 -2.771639
378 2.771639
379 -2.771639
380 2.771639
381 -2.771639
382 2.771639
383 -2.771639
384 2.771639
385 -2.771639
386 2.771639
387 -2.771639
388 2.771639
389 -2.771639
390 2.771639
391 -2.771639
392 2.771639
393 -2.771639
394 2.771639
395 -2.771639
396 2.771639
397 -2.771639
398 2.771639
399 -2.771639
400 2.771639
401 -2.771639
402 2.771639
403 -2.771639
404 2.771639
405 -2.771639
406 2.771639
407 -2.771639
408 2.771639
409 -2.771639
410 2.771639
411 -2.771639
412 2.771639
413 -2.771639
414 2.771639
415 -2.771639
416 2.771639
417 -2.771639
418 2.771639
419 -2.771639
420 2.771639
421 -2.771639
422 2.771639
423 -2.771639
424 2.771639
425 -2.771639
426 2.771639
427 -2.771639
428 2.771639
429 -2.771639
430 2.771639
431 -2.771639
432 2.771639
433 -2.771639
434 2.771639
435 -2.771639
436 2.771639
437 -2.771639
438 2.771639
439 -2.771639
440 2.771639
441 -2.771639
442 2.771639
443 -2.771639
444 2.771639
445 -2.771639
446 2.771639
447 -2.771639
448 2.771639
449 -2.771639
450 2.771639
451 -2.771639
452 2.771639
453 -2.771639
454 2.771639
455 -2.771639
456 2.771639
457 -2.771639
458 2.771639
459 -2.771639
460 2.771639
461 -2.771639
462 2.771639
463 -2.771639
464 2.771639
465 -2.771639
466 2.771639
467 -2.771639
468 2.771639
469 -2.771639
470 2.771639
471 -2.771639
472 2.771639
473 -2.771639
474 2.771639
475 -2.771639
476 2.771639
477 -2.771639
478 2.771639
479 -2.771639
480 2.771639
481 -2.771639
482 2.771639
483 -2.771639
484 2.771639
485 -2.771639
486 2.771639
487 -2.771639
488 2.771639
489 -2.771639
490 2.771639
491 -2.771639
492 2.771639
493 -2.771639
494 2.771639
495 -2.771639
496 2.771639
497 -2.771639
498 2.771639
499 -2.771639
